-1.15 1.5 0.4785 0.299  0.2225
-1.15 1.8 0.225 0.0285  0.7465
-1.15 1.55 0.4455 0.2165  0.338
-1.05 1.55 0.3495 0.539  0.1115
-1.1 1.55 0.399 0.393  0.208
-1.125 1.652 0.373 0.12  0.507
-1.074 1.603 0.396 0.3065  0.2975
-1.061 1.63 0.3765 0.2515  0.372
-1.061 1.603 0.3815 0.3575  0.261
-1.055 1.642 0.3645 0.257  0.3785
-1.055 1.623 0.3765 0.326  0.2975
-1.058 1.617 0.378 0.336  0.286
-1.056 1.624 0.3615 0.3215  0.317
-1.058 1.624 0.366 0.342  0.292
-1.05651 1.62653 0.365 0.3165  0.3185
-1.05551 1.62533 0.3825 0.304  0.3135
-1.05651 1.62422 0.3705 0.3455  0.284
-1.0558 1.62351 0.3555 0.3395  0.305
-1.0559 1.62351 0.3635 0.3345  0.302
-1.0558 1.62376 0.3655 0.315  0.3195
-1.05603 1.62399 0.3675 0.3175  0.315
-1.05594 1.62407 0.3545 0.345  0.3005
-1.05576 1.62407 0.379 0.342  0.279
-1.1014 1.57196 0.4055 0.312  0.2825
-1.07838 1.592 0.388 0.352  0.26
-1.024 1.59775 0.3245 0.519  0.1565
-1.05592 1.62381 0.366 0.3305  0.3035
-1.05579 1.6235 0.36 0.3435  0.2965
-1.05594 1.62397 0.3645 0.338  0.2975
-1.05579 1.62365 0.371 0.275  0.354
-1.05584 1.6236 0.3655 0.3275  0.307
-1.05601 1.62404 0.36 0.348  0.292
-1.05579 1.62352 0.37 0.3385  0.2915
-1.056 1.62359 0.369 0.325  0.306
-1.05582 1.62356 0.3635 0.3345  0.302
-1.05582 1.62358 0.3735 0.3295  0.297
-1.03 1.6 0.33 0.496  0.174
-1.02 1.67 0.341 0.329  0.33
-1.01 1.67 0.3075 0.401  0.2915
-1.01973 1.71502 0.3115 0.19  0.4985
-1.02307 1.688284 0.342 0.2035  0.4545
-1.01961 1.647968 0.3285 0.435  0.2365
-1.017017 1.665465 0.32 0.3775  0.3025
-1.01952 1.65145 0.332 0.402  0.266
-1.02452 1.67107 0.337 0.313  0.35
-1.02202 1.67107 0.3425 0.2965  0.361
-1.03997 1.59509 0.3535 0.452  0.1945
-1.02226 1.66413 0.331 0.355  0.314